Ne = 127
Tend = 1.000000
Lz = 3.000000
Delta = -1.500000
I = 0.000000
dz = 0.005000
dt = 0.000250
